kinematics:
  shoulder:
    x: 0
    y: 0
    z: 0.1805422783195945
    roll: -0
    pitch: 0
    yaw: 2.279256587648043e-07
  upper_arm:
    x: -1.310668109326398e-05
    y: 0
    z: 0
    roll: 1.570469205877489
    pitch: 0
    yaw: 7.984663408139047e-07
  forearm:
    x: -0.6124034828331092
    y: 0
    z: 0
    roll: 3.140346775973098
    pitch: -3.141428517495271
    yaw: 3.141591370334251
  wrist_1:
    x: -0.5712593895288076
    y: 0.0007660263464642086
    z: 0.1738058503831101
    roll: 3.13718531410818
    pitch: 3.141487047504761
    yaw: -3.14158984818555
  wrist_2:
    x: -8.967992038720969e-06
    y: -0.1197074605896961
    z: 0.0002413072655048181
    roll: 1.568780521451874
    pitch: 0
    yaw: -7.749806966474149e-07
  wrist_3:
    x: -3.015644303532988e-05
    y: 0.1156586085008087
    z: -4.798057690019597e-05
    roll: 1.570381480249796
    pitch: 3.141592653589793
    yaw: -3.141592147006554
  hash: calib_6454928327800903600