kinematics:
  shoulder:
    x: 0
    y: 0
    z: 0.1808227143090021
    roll: -0
    pitch: 0
    yaw: -1.810943159770429e-07
  upper_arm:
    x: -7.346431301437027e-05
    y: 0
    z: 0
    roll: 1.570577274510017
    pitch: 0
    yaw: 4.22797187742913e-06
  forearm:
    x: -0.6122178870636832
    y: 0
    z: 0
    roll: 3.140491769542123
    pitch: 3.141560603215997
    yaw: -3.141592623521752
  wrist_1:
    x: -0.5711883524367
    y: 0.0006063912836025206
    z: 0.1740765312561618
    roll: 3.138109192456505
    pitch: 3.141561865408666
    yaw: 3.141592268443908
  wrist_2:
    x: 5.178158303257207e-05
    y: -0.119821829157817
    z: 4.311111122296856e-05
    roll: 1.570436533344357
    pitch: 0
    yaw: -1.173148804691805e-06
  wrist_3:
    x: -3.623659655319384e-05
    y: 0.11563630879787
    z: -2.940785325082573e-06
    roll: 1.570770895463206
    pitch: 3.141592653589793
    yaw: -3.141592653205686
  hash: calib_3112004215797324351